| AÑO  |  ML  |   PROM   |   GEO    |
─────────────────────────────────────
| 2000 | 187  |  165.09  |  163.48  |
| 2001 | 115  |  165.09  |  163.48  |
| 2002 | 174  |  165.09  |  163.48  |
| 2003 | 172  |  165.09  |  163.48  |
| 2004 | 173  |  165.09  |  163.48  |
| 2005 | 144  |  165.09  |  163.48  |
| 2006 | 159  |  165.09  |  163.48  |
| 2007 | 143  |  165.09  |  163.48  |
| 2008 | 193  |  165.09  |  163.48  |
| 2009 | 181  |  165.09  |  163.48  |
| 2010 | 175  |  165.09  |  163.48  |
